d3434.2
h600
p0
150 150
p1
450 150
450 450
150 450
150 150
p0
450 150
p1
150 450
p0
150 150
p1
450 450
p0
400.0 300.0
p1
398.5 317.4
394.0 334.2
386.6 350.0
376.6 364.3
364.3 376.6
350.0 386.6
334.2 394.0
317.4 398.5
300.0 400.0
282.6 398.5
265.8 394.0
250.0 386.6
235.7 376.6
223.4 364.3
213.4 350.0
206.0 334.2
201.5 317.4
200.0 300.0
201.5 282.6
206.0 265.8
213.4 250.0
223.4 235.7
235.7 223.4
250.0 213.4
265.8 206.0
282.6 201.5
300.0 200.0
317.4 201.5
334.2 206.0
350.0 213.4
364.3 223.4
376.6 235.7
386.6 250.0
394.0 265.8
398.5 282.6
400.0 300.0
p0
